800

1	2	0.0046
2	1	0.0046
1	3	0.0047
3	1	0.0047
1	4	0.0044
4	1	0.0044
1	5	0.0051
5	1	0.0051
2	3	0.0031
3	2	0.0031
2	4	0.0038
4	2	0.0038
2	5	0.0029
5	2	0.0029
2	8	0.0055
8	2	0.0055
2	10	0.0078
10	2	0.0078
3	4	0.0039
4	3	0.0039
3	5	0.003
5	3	0.003
3	10	0.0074
10	3	0.0074
3	11	0.0075
11	3	0.0075
4	5	0.0036
5	4	0.0036
4	6	0.0063
6	4	0.0063
5	6	0.0038
6	5	0.0038
5	7	0.0051
7	5	0.0051
5	8	0.0038
8	5	0.0038
5	11	0.006
11	5	0.006
6	7	0.0049
7	6	0.0049
6	8	0.0043
8	6	0.0043
6	11	0.0064
11	6	0.0064
7	8	0.0031
8	7	0.0031
7	9	0.005
9	7	0.005
7	11	0.004
11	7	0.004
7	12	0.0066
12	7	0.0066
8	9	0.0045
9	8	0.0045
8	10	0.0038
10	8	0.0038
8	11	0.0032
11	8	0.0032
8	12	0.006
12	8	0.006
9	10	0.0041
10	9	0.0041
9	11	0.0037
11	9	0.0037
9	12	0.0045
12	9	0.0045
9	13	0.0102
13	9	0.0102
10	11	0.0026
11	10	0.0026
10	12	0.004
12	10	0.004
10	13	0.0096
13	10	0.0096
10	14	0.0203
14	10	0.0203
11	12	0.0032
12	11	0.0032
11	13	0.0089
13	11	0.0089
11	14	0.0187
14	11	0.0187
11	15	0.0243
15	11	0.0243
12	13	0.0072
13	12	0.0072
12	14	0.0151
14	12	0.0151
12	15	0.02
15	12	0.02
13	14	0.0134
14	13	0.0134
13	15	0.0182
15	13	0.0182
13	133	0.1915
133	13	0.1915
14	15	0.008
15	14	0.008
14	16	0.0465
16	14	0.0465
14	113	0.1297
113	14	0.1297
14	151	0.0704
151	14	0.0704
15	16	0.0354
16	15	0.0354
15	17	0.0598
17	15	0.0598
15	151	0.0738
151	15	0.0738
16	17	0.0169
17	16	0.0169
16	18	0.0348
18	16	0.0348
16	86	0.0838
86	16	0.0838
17	18	0.015
18	17	0.015
17	19	0.0327
19	17	0.0327
18	19	0.0126
19	18	0.0126
18	20	0.0228
20	18	0.0228
19	20	0.0067
20	19	0.0067
19	23	0.0113
23	19	0.0113
19	24	0.0121
24	19	0.0121
20	21	0.0053
21	20	0.0053
20	22	0.0054
22	20	0.0054
20	23	0.0043
23	20	0.0043
20	24	0.0048
24	20	0.0048
21	22	0.0032
22	21	0.0032
21	23	0.0032
23	21	0.0032
21	24	0.0034
24	21	0.0034
21	25	0.0048
25	21	0.0048
22	23	0.0026
23	22	0.0026
22	24	0.0026
24	22	0.0026
22	25	0.0037
25	22	0.0037
22	26	0.0045
26	22	0.0045
23	24	0.0018
24	23	0.0018
23	25	0.0032
25	23	0.0032
23	26	0.004
26	23	0.004
23	27	0.0081
27	23	0.0081
24	25	0.0025
25	24	0.0025
24	26	0.0032
26	24	0.0032
24	27	0.007
27	24	0.007
24	28	0.007
28	24	0.007
25	26	0.0022
26	25	0.0022
25	27	0.0053
27	25	0.0053
25	28	0.0046
28	25	0.0046
25	29	0.009
29	25	0.009
26	27	0.0051
27	26	0.0051
26	28	0.0042
28	26	0.0042
26	29	0.0083
29	26	0.0083
27	28	0.0051
28	27	0.0051
27	29	0.0072
29	27	0.0072
27	82	0.0431
82	27	0.0431
27	83	0.0402
83	27	0.0402
28	29	0.0046
29	28	0.0046
28	30	0.0204
30	28	0.0204
29	30	0.0125
30	29	0.0125
29	31	0.0273
31	29	0.0273
30	31	0.01
31	30	0.01
30	32	0.0284
32	30	0.0284
31	32	0.0134
32	31	0.0134
31	33	0.0275
33	31	0.0275
32	33	0.0091
33	32	0.0091
32	50	0.0132
50	32	0.0132
32	51	0.0158
51	32	0.0158
33	34	0.0034
34	33	0.0034
33	35	0.006
35	33	0.006
33	48	0.0064
48	33	0.0064
33	49	0.0054
49	33	0.0054
33	50	0.0052
50	33	0.0052
33	51	0.0079
51	33	0.0079
33	78	0.0077
78	33	0.0077
33	79	0.0124
79	33	0.0124
34	35	0.0038
35	34	0.0038
34	36	0.0101
36	34	0.0101
34	48	0.0044
48	34	0.0044
34	49	0.0043
49	34	0.0043
34	50	0.0056
50	34	0.0056
34	51	0.0082
51	34	0.0082
34	77	0.0064
77	34	0.0064
34	78	0.0065
78	34	0.0065
34	79	0.0117
79	34	0.0117
35	36	0.0068
36	35	0.0068
35	46	0.0123
46	35	0.0123
35	47	0.0098
47	35	0.0098
35	48	0.0041
48	35	0.0041
35	49	0.0081
49	35	0.0081
35	77	0.0075
77	35	0.0075
35	78	0.0066
78	35	0.0066
35	79	0.0095
79	35	0.0095
35	99	0.0304
99	35	0.0304
36	37	0.0155
37	36	0.0155
36	38	0.0126
38	36	0.0126
36	46	0.0063
46	36	0.0063
36	47	0.0039
47	36	0.0039
36	48	0.0056
48	36	0.0056
36	49	0.0123
49	36	0.0123
37	38	0.0047
38	37	0.0047
37	39	0.0076
39	37	0.0076
37	40	0.0068
40	37	0.0068
37	42	0.0074
42	37	0.0074
37	43	0.0085
43	37	0.0085
37	45	0.008
45	37	0.008
37	46	0.009
46	37	0.009
37	47	0.0111
47	37	0.0111
38	39	0.0106
39	38	0.0106
38	40	0.0105
40	38	0.0105
38	46	0.0084
46	38	0.0084
38	47	0.0093
47	38	0.0093
39	40	0.0049
40	39	0.0049
39	41	0.0076
41	39	0.0076
39	42	0.0064
42	39	0.0064
40	41	0.0066
41	40	0.0066
40	42	0.0052
42	40	0.0052
40	43	0.0064
43	40	0.0064
41	42	0.0071
42	41	0.0071
41	43	0.0083
43	41	0.0083
42	43	0.0047
43	42	0.0047
42	44	0.0217
44	42	0.0217
42	45	0.009
45	42	0.009
43	44	0.0208
44	43	0.0208
43	45	0.009
45	43	0.009
44	45	0.0147
45	44	0.0147
44	46	0.0329
46	44	0.0329
44	664	0.0505
664	44	0.0505
44	665	0.0746
665	44	0.0746
44	668	0.0764
668	44	0.0764
45	46	0.0137
46	45	0.0137
45	47	0.0187
47	45	0.0187
45	664	0.0875
664	45	0.0875
46	47	0.0047
47	46	0.0047
46	48	0.0127
48	46	0.0127
46	99	0.0371
99	46	0.0371
47	48	0.0085
48	47	0.0085
47	49	0.0169
49	47	0.0169
48	49	0.0058
49	48	0.0058
48	50	0.0086
50	48	0.0086
49	50	0.0027
50	49	0.0027
49	51	0.0038
51	49	0.0038
49	61	0.0063
61	49	0.0063
49	62	0.0058
62	49	0.0058
49	63	0.0081
63	49	0.0081
49	64	0.0095
64	49	0.0095
50	51	0.0025
51	50	0.0025
50	52	0.0056
52	50	0.0056
50	61	0.0053
61	50	0.0053
50	62	0.0055
62	50	0.0055
51	52	0.0031
52	51	0.0031
51	53	0.0046
53	51	0.0046
51	59	0.0063
59	51	0.0063
51	60	0.0043
60	51	0.0043
51	61	0.0025
61	51	0.0025
51	62	0.0036
62	51	0.0036
52	53	0.0037
53	52	0.0037
52	60	0.0035
60	52	0.0035
52	61	0.0024
61	52	0.0024
52	62	0.0037
62	52	0.0037
53	54	0.0049
54	53	0.0049
53	59	0.0031
59	53	0.0031
53	60	0.0022
60	53	0.0022
53	61	0.003
61	53	0.003
54	55	0.0031
55	54	0.0031
54	56	0.0041
56	54	0.0041
54	58	0.0023
58	54	0.0023
54	59	0.0026
59	54	0.0026
54	60	0.004
60	54	0.004
55	56	0.0031
56	55	0.0031
55	57	0.0033
57	55	0.0033
55	58	0.0027
58	55	0.0027
55	59	0.0043
59	55	0.0043
56	57	0.0038
57	56	0.0038
56	58	0.0038
58	56	0.0038
57	58	0.0027
58	57	0.0027
57	72	0.0041
72	57	0.0041
57	73	0.0041
73	57	0.0041
58	59	0.0017
59	58	0.0017
58	60	0.0036
60	58	0.0036
58	70	0.0036
70	58	0.0036
58	71	0.0022
71	58	0.0022
58	72	0.0027
72	58	0.0027
58	73	0.0027
73	58	0.0027
59	60	0.0017
60	59	0.0017
59	61	0.004
61	59	0.004
59	70	0.0024
70	59	0.0024
59	71	0.0018
71	59	0.0018
59	72	0.0033
72	59	0.0033
59	73	0.0033
73	59	0.0033
60	61	0.002
61	60	0.002
60	68	0.0048
68	60	0.0048
60	69	0.0027
69	60	0.0027
60	70	0.0022
70	60	0.0022
60	71	0.003
71	60	0.003
61	62	0.002
62	61	0.002
61	63	0.0035
63	61	0.0035
61	68	0.003
68	61	0.003
61	69	0.002
69	61	0.002
61	70	0.0039
70	61	0.0039
62	63	0.0017
63	62	0.0017
62	64	0.0037
64	62	0.0037
62	66	0.0034
66	62	0.0034
62	67	0.0031
67	62	0.0031
62	68	0.0022
68	62	0.0022
62	69	0.0025
69	62	0.0025
63	64	0.0029
64	63	0.0029
63	65	0.004
65	63	0.004
63	66	0.0023
66	63	0.0023
63	67	0.0022
67	63	0.0022
63	68	0.0021
68	63	0.0021
63	69	0.0031
69	63	0.0031
64	65	0.0042
65	64	0.0042
64	66	0.0032
66	64	0.0032
65	66	0.0034
66	65	0.0034
65	67	0.0039
67	65	0.0039
66	67	0.0025
67	66	0.0025
66	68	0.0033
68	66	0.0033
67	68	0.0027
68	67	0.0027
67	69	0.004
69	67	0.004
68	69	0.0024
69	68	0.0024
69	70	0.004
70	69	0.004
69	71	0.0058
71	69	0.0058
70	71	0.003
71	70	0.003
71	72	0.0023
72	71	0.0023
71	73	0.0023
73	71	0.0023
71	75	0.004
75	71	0.004
71	76	0.0044
76	71	0.0044
72	73	0.0015
73	72	0.0015
72	74	0.004
74	72	0.004
72	75	0.0031
75	72	0.0031
72	76	0.0038
76	72	0.0038
73	74	0.004
74	73	0.004
73	75	0.0031
75	73	0.0031
73	76	0.0038
76	73	0.0038
74	75	0.0038
75	74	0.0038
74	76	0.0046
76	74	0.0046
75	76	0.0027
76	75	0.0027
75	77	0.0165
77	75	0.0165
76	77	0.0129
77	76	0.0129
76	78	0.0198
78	76	0.0198
77	78	0.0052
78	77	0.0052
77	79	0.0099
79	77	0.0099
77	97	0.0327
97	77	0.0327
78	79	0.0056
79	78	0.0056
78	80	0.0254
80	78	0.0254
78	95	0.0223
95	78	0.0223
79	80	0.0152
80	79	0.0152
79	81	0.0273
81	79	0.0273
79	95	0.0144
95	79	0.0144
79	100	0.0242
100	79	0.0242
80	81	0.0122
81	80	0.0122
80	82	0.0196
82	80	0.0196
80	84	0.0158
84	80	0.0158
80	93	0.0199
93	80	0.0199
80	94	0.017
94	80	0.017
80	95	0.0084
95	80	0.0084
80	100	0.0151
100	80	0.0151
81	82	0.0112
82	81	0.0112
81	83	0.0146
83	81	0.0146
81	84	0.0129
84	81	0.0129
82	83	0.008
83	82	0.008
82	84	0.0115
84	82	0.0115
82	85	0.0187
85	82	0.0187
83	84	0.0142
84	83	0.0142
83	85	0.0203
85	83	0.0203
84	85	0.0107
85	84	0.0107
84	86	0.0233
86	84	0.0233
84	87	0.0264
87	84	0.0264
84	93	0.0233
93	84	0.0233
85	86	0.015
86	85	0.015
85	87	0.0216
87	85	0.0216
85	104	0.0172
104	85	0.0172
85	107	0.024
107	85	0.024
86	87	0.0174
87	86	0.0174
86	88	0.0557
88	86	0.0557
86	104	0.017
104	86	0.017
86	107	0.0183
107	86	0.0183
86	108	0.0229
108	86	0.0229
87	88	0.0423
88	87	0.0423
87	89	0.0498
89	87	0.0498
87	90	0.0404
90	87	0.0404
87	104	0.0264
104	87	0.0264
88	89	0.0328
89	88	0.0328
88	90	0.0356
90	88	0.0356
88	116	0.0401
116	88	0.0401
88	117	0.0396
117	88	0.0396
88	151	0.0946
151	88	0.0946
88	152	0.0795
152	88	0.0795
89	90	0.0155
90	89	0.0155
89	91	0.0345
91	89	0.0345
89	92	0.0382
92	89	0.0382
89	116	0.0461
116	89	0.0461
89	117	0.0319
117	89	0.0319
89	118	0.0305
118	89	0.0305
89	119	0.0428
119	89	0.0428
90	91	0.0316
91	90	0.0316
90	92	0.0275
92	90	0.0275
90	93	0.051
93	90	0.051
90	117	0.0422
117	90	0.0422
90	118	0.0388
118	90	0.0388
90	119	0.0482
119	90	0.0482
91	92	0.0455
92	91	0.0455
91	93	0.0811
93	91	0.0811
91	118	0.0407
118	91	0.0407
91	119	0.0292
119	91	0.0292
91	680	0.1101
680	91	0.1101
91	684	0.1517
684	91	0.1517
92	93	0.0284
93	92	0.0284
92	94	0.0424
94	92	0.0424
93	94	0.0126
94	93	0.0126
93	95	0.0215
95	93	0.0215
93	96	0.0191
96	93	0.0191
94	95	0.0156
95	94	0.0156
94	96	0.015
96	94	0.015
95	96	0.0112
96	95	0.0112
95	97	0.0121
97	95	0.0121
96	97	0.0116
97	96	0.0116
96	100	0.0113
100	96	0.0113
96	101	0.0148
101	96	0.0148
97	98	0.0115
98	97	0.0115
97	99	0.0083
99	97	0.0083
97	100	0.0074
100	97	0.0074
97	101	0.0114
101	97	0.0114
98	99	0.0103
99	98	0.0103
98	100	0.0088
100	98	0.0088
98	101	0.009
101	98	0.009
98	102	0.0131
102	98	0.0131
99	100	0.0074
100	99	0.0074
99	101	0.0101
101	99	0.0101
99	102	0.0144
102	99	0.0144
99	103	0.0182
103	99	0.0182
100	101	0.0059
101	100	0.0059
100	102	0.0104
102	100	0.0104
100	103	0.0125
103	100	0.0125
100	104	0.0177
104	100	0.0177
101	102	0.0075
102	101	0.0075
101	103	0.0088
103	101	0.0088
101	104	0.0135
104	101	0.0135
101	105	0.0176
105	101	0.0176
102	103	0.0076
103	102	0.0076
102	104	0.0111
104	102	0.0111
102	105	0.0135
105	102	0.0135
102	106	0.0182
106	102	0.0182
102	668	0.1381
668	102	0.1381
103	104	0.0082
104	103	0.0082
103	105	0.0098
105	103	0.0098
103	106	0.0135
106	103	0.0135
103	107	0.016
107	103	0.016
104	105	0.0079
105	104	0.0079
104	106	0.01
106	104	0.01
104	107	0.0093
107	104	0.0093
104	108	0.0172
108	104	0.0172
105	106	0.0077
106	105	0.0077
105	107	0.009
107	105	0.009
105	108	0.0145
108	105	0.0145
105	109	0.0187
109	105	0.0187
106	107	0.0074
107	106	0.0074
106	108	0.011
108	106	0.011
106	109	0.0142
109	106	0.0142
106	110	0.0156
110	106	0.0156
107	108	0.0082
108	107	0.0082
107	109	0.0118
109	107	0.0118
107	110	0.0135
110	107	0.0135
107	111	0.0172
111	107	0.0172
108	109	0.0068
109	108	0.0068
108	110	0.0098
110	108	0.0098
108	111	0.0108
111	108	0.0108
108	112	0.0138
112	108	0.0138
108	113	0.0225
113	108	0.0225
108	114	0.0502
114	108	0.0502
109	110	0.0097
110	109	0.0097
109	111	0.01
111	109	0.01
109	112	0.0121
112	109	0.0121
109	113	0.0214
113	109	0.0214
109	114	0.0482
114	109	0.0482
110	111	0.0115
111	110	0.0115
110	112	0.0151
112	110	0.0151
111	112	0.0127
112	111	0.0127
111	113	0.0225
113	111	0.0225
112	113	0.0195
113	112	0.0195
112	114	0.0436
114	112	0.0436
113	114	0.036
114	113	0.036
113	115	0.0849
115	113	0.0849
114	115	0.0449
115	114	0.0449
114	116	0.0522
116	114	0.0522
114	124	0.0701
124	114	0.0701
114	125	0.0658
125	114	0.0658
114	126	0.091
126	114	0.091
114	127	0.0968
127	114	0.0968
115	116	0.0274
116	115	0.0274
115	117	0.0413
117	115	0.0413
115	122	0.0455
122	115	0.0455
115	123	0.0403
123	115	0.0403
115	124	0.043
124	115	0.043
115	125	0.0613
125	115	0.0613
115	152	0.0589
152	115	0.0589
115	153	0.1559
153	115	0.1559
116	117	0.0223
117	116	0.0223
116	118	0.0426
118	116	0.0426
116	122	0.0391
122	116	0.0391
116	123	0.0389
123	116	0.0389
116	124	0.0519
124	116	0.0519
116	152	0.0729
152	116	0.0729
117	118	0.0239
118	117	0.0239
117	119	0.0497
119	117	0.0497
117	120	0.0503
120	117	0.0503
117	121	0.0484
121	117	0.0484
117	122	0.0396
122	117	0.0396
117	123	0.0453
123	117	0.0453
117	152	0.0874
152	117	0.0874
118	119	0.0258
119	118	0.0258
118	120	0.0336
120	118	0.0336
118	121	0.0578
121	118	0.0578
118	122	0.0564
122	118	0.0564
118	123	0.0655
123	118	0.0655
118	680	0.1531
680	118	0.1531
119	120	0.0342
120	119	0.0342
119	121	0.0913
121	119	0.0913
119	680	0.1001
680	119	0.1001
119	683	0.1535
683	119	0.1535
120	121	0.0685
121	120	0.0685
120	122	0.0756
122	120	0.0756
120	683	0.1839
683	120	0.1839
121	122	0.0314
122	121	0.0314
121	123	0.0408
123	121	0.0408
121	646	0.2606
646	121	0.2606
121	647	0.1498
647	121	0.1498
121	648	0.087
648	121	0.087
122	123	0.0251
123	122	0.0251
122	124	0.0411
124	122	0.0411
122	647	0.1559
647	122	0.1559
122	648	0.0816
648	122	0.0816
122	649	0.0792
649	122	0.0792
123	124	0.0308
124	123	0.0308
123	125	0.058
125	123	0.058
123	648	0.0801
648	123	0.0801
123	649	0.0721
649	123	0.0721
123	650	0.0881
650	123	0.0881
124	125	0.0373
125	124	0.0373
124	126	0.0586
126	124	0.0586
124	648	0.0832
648	124	0.0832
124	649	0.0662
649	124	0.0662
124	650	0.0706
650	124	0.0706
124	651	0.0624
651	124	0.0624
125	126	0.0326
126	125	0.0326
125	127	0.0627
127	125	0.0627
125	650	0.0867
650	125	0.0867
125	651	0.0441
651	125	0.0441
125	652	0.0565
652	125	0.0565
125	653	0.0717
653	125	0.0717
126	127	0.0515
127	126	0.0515
126	128	0.0782
128	126	0.0782
126	182	0.157
182	126	0.157
126	183	0.2314
183	126	0.2314
126	651	0.0435
651	126	0.0435
126	652	0.0457
652	126	0.0457
126	653	0.0643
653	126	0.0643
127	128	0.037
128	127	0.037
127	129	0.0637
129	127	0.0637
127	659	0.0467
659	127	0.0467
128	129	0.0623
129	128	0.0623
128	657	0.0377
657	128	0.0377
128	658	0.0335
658	128	0.0335
128	659	0.0206
659	128	0.0206
129	130	0.073
130	129	0.073
129	131	0.084
131	129	0.084
129	659	0.0729
659	129	0.0729
130	131	0.0231
131	130	0.0231
130	132	0.0485
132	130	0.0485
131	132	0.0314
132	131	0.0314
131	133	0.0518
133	131	0.0518
132	133	0.0237
133	132	0.0237
132	134	0.0342
134	132	0.0342
132	135	0.0372
135	132	0.0372
133	134	0.03
134	133	0.03
133	135	0.0323
135	133	0.0323
133	138	0.0475
138	133	0.0475
134	135	0.0106
135	134	0.0106
134	136	0.0185
136	134	0.0185
134	138	0.0161
138	134	0.0161
134	139	0.0294
139	134	0.0294
135	136	0.015
136	135	0.015
135	137	0.0194
137	135	0.0194
135	138	0.0127
138	135	0.0127
135	139	0.0248
139	135	0.0248
136	137	0.0126
137	136	0.0126
136	138	0.0105
138	136	0.0105
136	139	0.0166
139	136	0.0166
136	140	0.0175
140	136	0.0175
137	138	0.011
138	137	0.011
137	139	0.0145
139	137	0.0145
137	140	0.014
140	137	0.014
137	141	0.0173
141	137	0.0173
138	139	0.0124
139	138	0.0124
138	140	0.0138
140	138	0.0138
138	141	0.0173
141	138	0.0173
138	142	0.0329
142	138	0.0329
139	140	0.0111
140	139	0.0111
139	141	0.0132
141	139	0.0132
139	142	0.0197
142	139	0.0197
139	143	0.027
143	139	0.027
139	155	0.0716
155	139	0.0716
139	194	0.173
194	139	0.173
140	141	0.0123
141	140	0.0123
140	142	0.0229
142	140	0.0229
140	143	0.0312
143	140	0.0312
141	142	0.0222
142	141	0.0222
141	143	0.0297
143	141	0.0297
142	143	0.0151
143	142	0.0151
142	144	0.0329
144	142	0.0329
142	145	0.0479
145	142	0.0479
142	155	0.0516
155	142	0.0516
142	156	0.0552
156	142	0.0552
143	144	0.0323
144	143	0.0323
143	145	0.0518
145	143	0.0518
143	159	0.0682
159	143	0.0682
143	198	0.2039
198	143	0.2039
144	145	0.0265
145	144	0.0265
144	146	0.0452
146	144	0.0452
144	159	0.0724
159	144	0.0724
145	146	0.0172
146	145	0.0172
145	147	0.0193
147	145	0.0193
145	149	0.0234
149	145	0.0234
145	150	0.0296
150	145	0.0296
146	147	0.0129
147	146	0.0129
146	148	0.017
148	146	0.017
146	149	0.0132
149	146	0.0132
146	150	0.0209
150	146	0.0209
147	148	0.0174
148	147	0.0174
147	149	0.014
149	147	0.014
147	150	0.0197
150	147	0.0197
147	156	0.0825
156	147	0.0825
148	149	0.0153
149	148	0.0153
148	150	0.0231
150	148	0.0231
149	150	0.0206
150	149	0.0206
150	151	0.1285
151	150	0.1285
150	152	0.1092
152	150	0.1092
151	152	0.0544
152	151	0.0544
151	153	0.1145
153	151	0.1145
152	153	0.0726
153	152	0.0726
152	156	0.1518
156	152	0.1518
153	154	0.0747
154	153	0.0747
153	155	0.0721
155	153	0.0721
153	156	0.0479
156	153	0.0479
153	157	0.0756
157	153	0.0756
154	155	0.0281
155	154	0.0281
154	156	0.036
156	154	0.036
154	157	0.0325
157	154	0.0325
154	158	0.0345
158	154	0.0345
154	187	0.1147
187	154	0.1147
154	191	0.0741
191	154	0.0741
155	156	0.0245
156	155	0.0245
155	157	0.0284
157	155	0.0284
155	158	0.0311
158	155	0.0311
155	159	0.0313
159	155	0.0313
155	191	0.0804
191	155	0.0804
155	194	0.1003
194	155	0.1003
156	157	0.0262
157	156	0.0262
156	158	0.0362
158	156	0.0362
156	159	0.0313
159	156	0.0313
156	160	0.0576
160	156	0.0576
157	158	0.0206
158	157	0.0206
157	159	0.0222
159	157	0.0222
157	160	0.0334
160	157	0.0334
157	161	0.0513
161	157	0.0513
158	159	0.0197
159	158	0.0197
158	160	0.0256
160	158	0.0256
158	161	0.0381
161	158	0.0381
158	162	0.0458
162	158	0.0458
158	191	0.0883
191	158	0.0883
159	160	0.0241
160	159	0.0241
159	161	0.0379
161	159	0.0379
159	162	0.0443
162	159	0.0443
159	163	0.057
163	159	0.057
160	161	0.0214
161	160	0.0214
160	162	0.0245
162	160	0.0245
160	163	0.0324
163	160	0.0324
160	164	0.044
164	160	0.044
161	162	0.0178
162	161	0.0178
161	163	0.0214
163	161	0.0214
161	164	0.0281
164	161	0.0281
161	165	0.0423
165	161	0.0423
161	172	0.1405
172	161	0.1405
162	163	0.0178
163	162	0.0178
162	164	0.0228
164	162	0.0228
162	165	0.0385
165	162	0.0385
162	166	0.0401
166	162	0.0401
163	164	0.0174
164	163	0.0174
163	165	0.0296
165	163	0.0296
163	166	0.0306
166	163	0.0306
163	167	0.0333
167	163	0.0333
164	165	0.0223
165	164	0.0223
164	166	0.0233
166	164	0.0233
164	167	0.0247
167	164	0.0247
164	168	0.0328
168	164	0.0328
165	166	0.0186
166	165	0.0186
165	167	0.0214
167	165	0.0214
165	168	0.0215
168	165	0.0215
165	169	0.0248
169	165	0.0248
165	170	0.0493
170	165	0.0493
165	171	0.0784
171	165	0.0784
165	172	0.0831
172	165	0.0831
166	167	0.0216
167	166	0.0216
166	168	0.025
168	166	0.025
166	169	0.0313
169	166	0.0313
166	246	0.2089
246	166	0.2089
167	168	0.0235
168	167	0.0235
167	169	0.0314
169	167	0.0314
168	169	0.0256
169	168	0.0256
168	170	0.0565
170	168	0.0565
169	170	0.0447
170	169	0.0447
169	171	0.0728
171	169	0.0728
170	171	0.043
171	170	0.043
170	172	0.0468
172	170	0.0468
170	643	0.1229
643	170	0.1229
170	644	0.0651
644	170	0.0651
171	172	0.0324
172	171	0.0324
171	443	0.1324
443	171	0.1324
171	444	0.0848
444	171	0.0848
171	445	0.0732
445	171	0.0732
171	643	0.1215
643	171	0.1215
171	644	0.0626
644	171	0.0626
172	173	0.0499
173	172	0.0499
172	174	0.0814
174	172	0.0814
172	444	0.0995
444	172	0.0995
172	445	0.074
445	172	0.074
172	446	0.087
446	172	0.087
172	643	0.1081
643	172	0.1081
172	644	0.044
644	172	0.044
172	645	0.0723
645	172	0.0723
173	174	0.0616
174	173	0.0616
173	175	0.1042
175	173	0.1042
173	445	0.0965
445	173	0.0965
173	446	0.0941
446	173	0.0941
173	447	0.0928
447	173	0.0928
173	640	0.3654
640	173	0.3654
173	643	0.0847
643	173	0.0847
173	644	0.0503
644	173	0.0503
173	645	0.0522
645	173	0.0522
173	646	0.121
646	173	0.121
174	175	0.0529
175	174	0.0529
174	176	0.1214
176	174	0.1214
174	446	0.107
446	174	0.107
174	447	0.0849
447	174	0.0849
174	448	0.107
448	174	0.107
174	645	0.055
645	174	0.055
174	646	0.0784
646	174	0.0784
174	647	0.1452
647	174	0.1452
175	176	0.0743
176	175	0.0743
175	177	0.1329
177	175	0.1329
175	447	0.1355
447	175	0.1355
175	448	0.1508
448	175	0.1508
175	645	0.0727
645	175	0.0727
175	646	0.0574
646	175	0.0574
175	647	0.0892
647	175	0.0892
175	648	0.1582
648	175	0.1582
176	177	0.067
177	176	0.067
176	178	0.1374
178	176	0.1374
176	184	0.0909
184	176	0.0909
176	448	0.2161
448	176	0.2161
176	449	0.2208
449	176	0.2208
176	647	0.075
647	176	0.075
176	648	0.0967
648	176	0.0967
176	649	0.1159
649	176	0.1159
176	650	0.1164
650	176	0.1164
177	178	0.1196
178	177	0.1196
177	184	0.1103
184	177	0.1103
177	648	0.0786
648	177	0.0786
177	649	0.0827
649	177	0.0827
177	650	0.0808
650	177	0.0808
178	179	0.2251
179	178	0.2251
178	180	0.3316
180	178	0.3316
178	182	0.0875
182	178	0.0875
178	184	0.1485
184	178	0.1485
178	452	0.3624
452	178	0.3624
178	453	0.4117
453	178	0.4117
178	649	0.1459
649	178	0.1459
178	650	0.1194
650	178	0.1194
178	651	0.2042
651	178	0.2042
179	180	0.1453
180	179	0.1453
179	181	0.2948
181	179	0.2948
179	182	0.2932
182	179	0.2932
179	452	0.1444
452	179	0.1444
179	453	0.1724
453	179	0.1724
179	454	0.2828
454	179	0.2828
180	181	0.1727
181	180	0.1727
180	182	0.3966
182	180	0.3966
180	227	0.3804
227	180	0.3804
180	228	0.4263
228	180	0.4263
180	451	0.2107
451	180	0.2107
180	452	0.1859
452	180	0.1859
180	453	0.2448
453	180	0.2448
180	454	0.3731
454	180	0.3731
181	182	0.3438
182	181	0.3438
181	183	0.3748
183	181	0.3748
181	227	0.2853
227	181	0.2853
181	228	0.3226
228	181	0.3226
181	231	0.3921
231	181	0.3921
181	652	0.6031
652	181	0.6031
182	183	0.1172
183	182	0.1172
182	184	0.1448
184	182	0.1448
182	650	0.0909
650	182	0.0909
182	651	0.143
651	182	0.143
182	652	0.1414
652	182	0.1414
183	184	0.0616
184	183	0.0616
183	185	0.1021
185	183	0.1021
183	186	0.1042
186	183	0.1042
183	187	0.1112
187	183	0.1112
183	650	0.1292
650	183	0.1292
184	185	0.0733
185	184	0.0733
184	186	0.0802
186	184	0.0802
184	187	0.0857
187	184	0.0857
184	188	0.0953
188	184	0.0953
184	449	0.1984
449	184	0.1984
184	650	0.1412
650	184	0.1412
185	186	0.0443
186	185	0.0443
185	187	0.0484
187	185	0.0484
185	188	0.0481
188	185	0.0481
185	189	0.0631
189	185	0.0631
185	449	0.1779
449	185	0.1779
186	187	0.0378
187	186	0.0378
186	188	0.0436
188	186	0.0436
186	189	0.0489
189	186	0.0489
186	190	0.0601
190	186	0.0601
187	188	0.0377
188	187	0.0377
187	189	0.0381
189	187	0.0381
187	190	0.0449
190	187	0.0449
187	191	0.0521
191	187	0.0521
188	189	0.0351
189	188	0.0351
188	190	0.0412
190	188	0.0412
188	191	0.0567
191	188	0.0567
188	192	0.0606
192	188	0.0606
188	447	0.1826
447	188	0.1826
188	449	0.1642
449	188	0.1642
189	190	0.0278
190	189	0.0278
189	191	0.0405
191	189	0.0405
189	192	0.0425
192	189	0.0425
189	193	0.0535
193	189	0.0535
190	191	0.0326
191	190	0.0326
190	192	0.0331
192	190	0.0331
190	193	0.0414
193	190	0.0414
190	194	0.0502
194	190	0.0502
191	192	0.0344
192	191	0.0344
191	193	0.0399
193	191	0.0399
191	194	0.0323
194	191	0.0323
191	195	0.0605
195	191	0.0605
192	193	0.0245
193	192	0.0245
192	194	0.0327
194	192	0.0327
192	195	0.0383
195	192	0.0383
192	196	0.0663
196	192	0.0663
193	194	0.0286
194	193	0.0286
193	195	0.0293
195	193	0.0293
193	196	0.0527
196	193	0.0527
193	197	0.0489
197	193	0.0489
194	195	0.0323
195	194	0.0323
194	196	0.0611
196	194	0.0611
194	197	0.0534
197	194	0.0534
194	198	0.0443
198	194	0.0443
195	196	0.0319
196	195	0.0319
195	197	0.0288
197	195	0.0288
195	198	0.0316
198	195	0.0316
195	199	0.0737
199	195	0.0737
196	197	0.0245
197	196	0.0245
196	198	0.033
198	196	0.033
196	199	0.0438
199	196	0.0438
196	200	0.0657
200	196	0.0657
196	207	0.2736
207	196	0.2736
197	198	0.0293
198	197	0.0293
197	199	0.0498
199	197	0.0498
197	200	0.082
200	197	0.082
198	199	0.06
199	198	0.06
198	200	0.0976
200	198	0.0976
199	200	0.0325
200	199	0.0325
199	201	0.0585
201	199	0.0585
199	246	0.0645
246	199	0.0645
199	247	0.0513
247	199	0.0513
199	248	0.0565
248	199	0.0565
200	201	0.0303
201	200	0.0303
200	202	0.0576
202	200	0.0576
200	204	0.0928
204	200	0.0928
200	207	0.1504
207	200	0.1504
200	247	0.055
247	200	0.055
200	248	0.057
248	200	0.057
201	202	0.0357
202	201	0.0357
201	203	0.0603
203	201	0.0603
201	204	0.0865
204	201	0.0865
201	247	0.0555
247	201	0.0555
201	248	0.0571
248	201	0.0571
202	203	0.0457
203	202	0.0457
202	204	0.0768
204	202	0.0768
204	205	0.054
205	204	0.054
204	206	0.0549
206	204	0.0549
204	207	0.0361
207	204	0.0361
204	208	0.0708
208	204	0.0708
205	206	0.0259
206	205	0.0259
205	207	0.028
207	205	0.028
205	208	0.0268
208	205	0.0268
205	209	0.0504
209	205	0.0504
206	207	0.0255
207	206	0.0255
206	208	0.0228
208	206	0.0228
206	209	0.0426
209	206	0.0426
206	210	0.0315
210	206	0.0315
206	436	0.1213
436	206	0.1213
207	208	0.029
208	207	0.029
207	209	0.0581
209	207	0.0581
207	210	0.0427
210	207	0.0427
207	211	0.0654
211	207	0.0654
208	209	0.025
209	208	0.025
208	210	0.0215
210	208	0.0215
208	211	0.0312
211	208	0.0312
208	212	0.0602
212	208	0.0602
209	210	0.0206
210	209	0.0206
209	211	0.0178
211	209	0.0178
209	212	0.0245
212	209	0.0245
209	213	0.0344
213	209	0.0344
209	328	0.0647
328	209	0.0647
209	329	0.0591
329	209	0.0591
210	211	0.0241
211	210	0.0241
210	212	0.0446
212	210	0.0446
210	213	0.0553
213	210	0.0553
210	251	0.184
251	210	0.184
211	212	0.0268
212	211	0.0268
211	213	0.0351
213	211	0.0351
211	214	0.0524
214	211	0.0524
212	213	0.0137
213	212	0.0137
212	214	0.0261
214	212	0.0261
212	215	0.0326
215	212	0.0326
212	325	0.0339
325	212	0.0339
212	328	0.031
328	212	0.031
212	329	0.0279
329	212	0.0279
213	214	0.0193
214	213	0.0193
213	215	0.0231
215	213	0.0231
213	216	0.0278
216	213	0.0278
213	217	0.035
217	213	0.035
213	325	0.0287
325	213	0.0287
213	329	0.0253
329	213	0.0253
213	432	0.104
432	213	0.104
214	215	0.0187
215	214	0.0187
214	216	0.0224
216	214	0.0224
214	217	0.0252
217	214	0.0252
214	218	0.0328
218	214	0.0328
215	216	0.0123
216	215	0.0123
215	217	0.0181
217	215	0.0181
215	218	0.0232
218	215	0.0232
215	219	0.0279
219	215	0.0279
215	322	0.0286
322	215	0.0286
215	325	0.0205
325	215	0.0205
216	217	0.0166
217	216	0.0166
216	218	0.0203
218	216	0.0203
216	219	0.0221
219	216	0.0221
216	220	0.0307
220	216	0.0307
216	322	0.0236
322	216	0.0236
216	325	0.0188
325	216	0.0188
216	326	0.0278
326	216	0.0278
217	218	0.0168
218	217	0.0168
217	219	0.0214
219	217	0.0214
217	220	0.0273
220	217	0.0273
217	221	0.0437
221	217	0.0437
218	219	0.0179
219	218	0.0179
218	220	0.0226
220	218	0.0226
218	221	0.0355
221	218	0.0355
218	222	0.0413
222	218	0.0413
219	220	0.014
220	219	0.014
219	221	0.0301
221	219	0.0301
219	222	0.0312
222	219	0.0312
219	273	0.0275
273	219	0.0275
219	274	0.0246
274	219	0.0246
219	275	0.0297
275	219	0.0297
219	322	0.0324
322	219	0.0324
220	221	0.0278
221	220	0.0278
220	222	0.0291
222	220	0.0291
220	273	0.024
273	220	0.024
220	274	0.0239
274	220	0.0239
220	275	0.0308
275	220	0.0308
220	425	0.1217
425	220	0.1217
221	222	0.0197
222	221	0.0197
221	223	0.0362
223	221	0.0362
221	232	0.0524
232	221	0.0524
221	233	0.045
233	221	0.045
221	234	0.1224
234	221	0.1224
221	258	0.0698
258	221	0.0698
221	273	0.0327
273	221	0.0327
222	223	0.0239
223	222	0.0239
222	230	0.0508
230	222	0.0508
222	231	0.0527
231	222	0.0527
222	232	0.0519
232	222	0.0519
222	233	0.0488
233	222	0.0488
222	273	0.0261
273	222	0.0261
222	274	0.0334
274	222	0.0334
223	224	0.0302
224	223	0.0302
223	225	0.0351
225	223	0.0351
223	229	0.0368
229	223	0.0368
223	230	0.0313
230	223	0.0313
223	231	0.0314
231	223	0.0314
223	232	0.0504
232	223	0.0504
223	233	0.0491
233	223	0.0491
223	271	0.0365
271	223	0.0365
223	272	0.0445
272	223	0.0445
223	273	0.0325
273	223	0.0325
223	274	0.0458
274	223	0.0458
224	225	0.0186
225	224	0.0186
224	226	0.0295
226	224	0.0295
224	228	0.0427
228	224	0.0427
224	229	0.026
229	224	0.026
224	230	0.0328
230	224	0.0328
224	231	0.0312
231	224	0.0312
224	270	0.0416
270	224	0.0416
224	271	0.0394
271	224	0.0394
225	226	0.0269
226	225	0.0269
225	227	0.0694
227	225	0.0694
225	228	0.0396
228	225	0.0396
225	229	0.0266
229	225	0.0266
225	231	0.0336
231	225	0.0336
225	270	0.0434
270	225	0.0434
225	271	0.0426
271	225	0.0426
226	227	0.0757
227	226	0.0757
226	228	0.0509
228	226	0.0509
226	269	0.0542
269	226	0.0542
226	270	0.0416
270	226	0.0416
227	228	0.0446
228	227	0.0446
227	229	0.0714
229	227	0.0714
228	229	0.0399
229	228	0.0399
228	230	0.0491
230	228	0.0491
228	231	0.0399
231	228	0.0399
229	230	0.0326
230	229	0.0326
229	231	0.0306
231	229	0.0306
229	310	0.1035
310	229	0.1035
230	231	0.0264
231	230	0.0264
230	232	0.0546
232	230	0.0546
231	232	0.0495
232	231	0.0495
231	233	0.0574
233	231	0.0574
232	233	0.0347
233	232	0.0347
232	234	0.0798
234	232	0.0798
232	235	0.1811
235	232	0.1811
232	451	0.2427
451	232	0.2427
233	234	0.0792
234	233	0.0792
233	258	0.0584
258	233	0.0584
233	259	0.074
259	233	0.074
233	451	0.2598
451	233	0.2598
234	235	0.0713
235	234	0.0713
234	236	0.1408
236	234	0.1408
234	255	0.0949
255	234	0.0949
234	256	0.0615
256	234	0.0615
234	257	0.0493
257	234	0.0493
234	258	0.0785
258	234	0.0785
234	259	0.1141
259	234	0.1141
234	450	0.1747
450	234	0.1747
234	451	0.1721
451	234	0.1721
235	236	0.0629
236	235	0.0629
235	237	0.1193
237	235	0.1193
235	255	0.0532
255	235	0.0532
235	256	0.0572
256	235	0.0572
235	257	0.088
257	235	0.088
235	449	0.1987
449	235	0.1987
235	450	0.0952
450	235	0.0952
235	451	0.1506
451	235	0.1506
236	237	0.0508
237	236	0.0508
236	238	0.0752
238	236	0.0752
236	253	0.0667
253	236	0.0667
236	254	0.0495
254	236	0.0495
236	255	0.0508
255	236	0.0508
236	256	0.0865
256	236	0.0865
236	448	0.1296
448	236	0.1296
236	449	0.1312
449	236	0.1312
236	450	0.0961
450	236	0.0961
237	238	0.039
238	237	0.039
237	239	0.0642
239	237	0.0642
237	253	0.0592
253	237	0.0592
237	254	0.0579
254	237	0.0579
237	255	0.093
255	237	0.093
237	446	0.0852
446	237	0.0852
237	447	0.0912
447	237	0.0912
237	448	0.0794
448	237	0.0794
237	449	0.1011
449	237	0.1011
238	239	0.0408
239	238	0.0408
238	240	0.063
240	238	0.063
238	252	0.0691
252	238	0.0691
238	253	0.0538
253	238	0.0538
238	254	0.0669
254	238	0.0669
238	446	0.0669
446	238	0.0669
238	447	0.084
447	238	0.084
238	448	0.0858
448	238	0.0858
239	240	0.0309
240	239	0.0309
239	241	0.0578
241	239	0.0578
239	251	0.0711
251	239	0.0711
239	252	0.0643
252	239	0.0643
239	253	0.0679
253	239	0.0679
239	444	0.0537
444	239	0.0537
239	445	0.0592
445	239	0.0592
239	446	0.0532
446	239	0.0532
239	447	0.0828
447	239	0.0828
240	241	0.0343
241	240	0.0343
240	242	0.0555
242	240	0.0555
240	250	0.0537
250	240	0.0537
240	251	0.0603
251	240	0.0603
240	252	0.0689
252	240	0.0689
240	444	0.0444
444	240	0.0444
240	445	0.062
445	240	0.062
240	446	0.0686
446	240	0.0686
241	242	0.0194
242	241	0.0194
241	243	0.0296
243	241	0.0296
241	248	0.0383
248	241	0.0383
241	249	0.0271
249	241	0.0271
241	250	0.0381
250	241	0.0381
241	251	0.0733
251	241	0.0733
241	441	0.0304
441	241	0.0304
241	443	0.0304
443	241	0.0304
241	444	0.0441
444	241	0.0441
241	445	0.0772
445	241	0.0772
242	243	0.0135
243	242	0.0135
242	244	0.0317
244	242	0.0317
242	246	0.0317
246	242	0.0317
242	247	0.0315
247	242	0.0315
242	248	0.0253
248	242	0.0253
242	249	0.0195
249	242	0.0195
242	250	0.0468
250	242	0.0468
242	441	0.0216
441	242	0.0216
242	442	0.0263
442	242	0.0263
242	443	0.0255
443	242	0.0255
242	444	0.0584
444	242	0.0584
243	244	0.0247
244	243	0.0247
243	245	0.0338
245	243	0.0338
243	246	0.0261
246	243	0.0261
243	247	0.0271
247	243	0.0271
243	248	0.0254
248	243	0.0254
243	249	0.0228
249	243	0.0228
243	441	0.0243
441	243	0.0243
243	442	0.0252
442	243	0.0252
243	443	0.0304
443	243	0.0304
244	245	0.0333
245	244	0.0333
244	246	0.0339
246	244	0.0339
244	442	0.0362
442	244	0.0362
245	246	0.034
246	245	0.034
245	247	0.0401
247	245	0.0401
246	247	0.0258
247	246	0.0258
246	248	0.0299
248	246	0.0299
247	248	0.018
248	247	0.018
247	249	0.0373
249	247	0.0373
248	249	0.0291
249	248	0.0291
248	250	0.0588
250	248	0.0588
249	250	0.0398
250	249	0.0398
249	439	0.0455
439	249	0.0455
249	441	0.0245
441	249	0.0245
250	251	0.0425
251	250	0.0425
250	436	0.0881
436	250	0.0881
250	437	0.0664
437	250	0.0664
250	438	0.0508
438	250	0.0508
250	439	0.0316
439	250	0.0316
251	252	0.0418
252	251	0.0418
251	253	0.0678
253	251	0.0678
251	436	0.0603
436	251	0.0603
251	437	0.0564
437	251	0.0564
252	253	0.0427
253	252	0.0427
252	254	0.0798
254	252	0.0798
252	433	0.1276
433	252	0.1276
252	436	0.0808
436	252	0.0808
253	254	0.0486
254	253	0.0486
253	255	0.0842
255	253	0.0842
253	433	0.1596
433	253	0.1596
254	255	0.0619
255	254	0.0619
254	256	0.1028
256	254	0.1028
255	256	0.0537
256	255	0.0537
255	257	0.0973
257	255	0.0973
256	257	0.0624
257	256	0.0624
256	258	0.1452
258	256	0.1452
257	258	0.0917
258	257	0.0917
257	259	0.1272
259	257	0.1272
258	259	0.0498
259	258	0.0498
258	260	0.0847
260	258	0.0847
258	422	0.1245
422	258	0.1245
259	260	0.0747
260	259	0.0747
259	261	0.0812
261	259	0.0812
259	262	0.0783
262	259	0.0783
259	462	0.8439
462	259	0.8439
260	261	0.0258
261	260	0.0258
260	262	0.035
262	260	0.035
260	263	0.0305
263	260	0.0305
260	418	0.0381
418	260	0.0381
260	421	0.044
421	260	0.044
260	422	0.04
422	260	0.04
261	262	0.0208
262	261	0.0208
261	263	0.0192
263	261	0.0192
261	264	0.0236
264	261	0.0236
261	265	0.0281
265	261	0.0281
261	418	0.0515
418	261	0.0515
262	263	0.0174
263	262	0.0174
262	264	0.0263
264	262	0.0263
262	265	0.0197
265	262	0.0197
262	266	0.0419
266	262	0.0419
262	272	0.0347
272	262	0.0347
263	264	0.0193
264	263	0.0193
263	265	0.0196
265	263	0.0196
263	272	0.0344
272	263	0.0344
263	273	0.0601
273	263	0.0601
263	301	0.0346
301	263	0.0346
263	418	0.0536
418	263	0.0536
264	265	0.0243
265	264	0.0243
264	301	0.0342
301	264	0.0342
264	414	0.0754
414	264	0.0754
265	266	0.0328
266	265	0.0328
265	267	0.0453
267	265	0.0453
265	301	0.0359
301	265	0.0359
266	267	0.017
267	266	0.017
266	268	0.0204
268	266	0.0204
266	270	0.0213
270	266	0.0213
266	271	0.0212
271	266	0.0212
266	272	0.0283
272	266	0.0283
266	305	0.0168
305	266	0.0168
267	268	0.0166
268	267	0.0166
267	269	0.0186
269	267	0.0186
267	270	0.0201
270	267	0.0201
267	305	0.0165
305	267	0.0165
268	269	0.0154
269	268	0.0154
268	270	0.0185
270	268	0.0185
268	305	0.0145
305	268	0.0145
268	306	0.022
306	268	0.022
269	270	0.0128
270	269	0.0128
269	271	0.0182
271	269	0.0182
269	305	0.0137
305	269	0.0137
269	306	0.0208
306	269	0.0208
269	307	0.0178
307	269	0.0178
270	271	0.0142
271	270	0.0142
270	305	0.0174
305	270	0.0174
270	307	0.0212
307	270	0.0212
271	272	0.029
272	271	0.029
271	273	0.0455
273	271	0.0455
271	305	0.019
305	271	0.019
271	307	0.0199
307	271	0.0199
271	308	0.0311
308	271	0.0311
272	273	0.0295
273	272	0.0295
272	274	0.0422
274	272	0.0422
272	302	0.0487
302	272	0.0487
273	274	0.0155
274	273	0.0155
273	275	0.0263
275	273	0.0263
273	276	0.0353
276	273	0.0353
274	275	0.0153
275	274	0.0153
274	276	0.0231
276	274	0.0231
274	277	0.0265
277	274	0.0265
274	278	0.0284
278	274	0.0284
275	276	0.0169
276	275	0.0169
275	277	0.0173
277	275	0.0173
275	278	0.0185
278	275	0.0185
275	279	0.0212
279	275	0.0212
276	277	0.0142
277	276	0.0142
276	278	0.016
278	276	0.016
276	279	0.0155
279	276	0.0155
276	280	0.0176
280	276	0.0176
276	343	0.092
343	276	0.092
277	278	0.0092
278	277	0.0092
277	279	0.0102
279	277	0.0102
277	280	0.017
280	277	0.017
277	281	0.0126
281	277	0.0126
277	315	0.0184
315	277	0.0184
278	279	0.0083
279	278	0.0083
278	280	0.0169
280	278	0.0169
278	281	0.0092
281	278	0.0092
278	282	0.0087
282	278	0.0087
278	315	0.0107
315	278	0.0107
278	316	0.0118
316	278	0.0118
278	318	0.016
318	278	0.016
278	319	0.0128
319	278	0.0128
279	280	0.013
280	279	0.013
279	281	0.0093
281	279	0.0093
279	282	0.0097
282	279	0.0097
279	283	0.0255
283	279	0.0255
279	319	0.0196
319	279	0.0196
280	281	0.0147
281	280	0.0147
280	282	0.0157
282	280	0.0157
280	283	0.0174
283	280	0.0174
280	293	0.0321
293	280	0.0321
280	295	0.0344
295	280	0.0344
280	296	0.0421
296	280	0.0421
281	282	0.0083
282	281	0.0083
281	283	0.0254
283	281	0.0254
281	315	0.0141
315	281	0.0141
281	316	0.0154
316	281	0.0154
282	283	0.0235
283	282	0.0235
282	284	0.0446
284	282	0.0446
282	315	0.0114
315	282	0.0114
282	316	0.0112
316	282	0.0112
282	317	0.0156
317	282	0.0156
282	319	0.013
319	282	0.013
282	320	0.0211
320	282	0.0211
283	284	0.0125
284	283	0.0125
283	285	0.0177
285	283	0.0177
283	287	0.0182
287	283	0.0182
283	288	0.0182
288	283	0.0182
284	285	0.009
285	284	0.009
284	286	0.0111
286	284	0.0111
284	287	0.0095
287	284	0.0095
284	288	0.0103
288	284	0.0103
285	286	0.0078
286	285	0.0078
285	287	0.0069
287	285	0.0069
285	288	0.0076
288	285	0.0076
285	289	0.0099
289	285	0.0099
286	287	0.0065
287	286	0.0065
286	288	0.007
288	286	0.007
286	289	0.0082
289	286	0.0082
286	290	0.0096
290	286	0.0096
287	288	0.005
288	287	0.005
287	289	0.0066
289	287	0.0066
287	290	0.0082
290	287	0.0082
287	291	0.0187
291	287	0.0187
288	289	0.005
289	288	0.005
288	290	0.007
290	288	0.007
288	291	0.0151
291	288	0.0151
288	292	0.0125
292	288	0.0125
288	293	0.0133
293	288	0.0133
289	290	0.0066
290	289	0.0066
289	291	0.014
291	289	0.014
289	292	0.0114
292	289	0.0114
289	293	0.0137
293	289	0.0137
290	291	0.015
291	290	0.015
290	292	0.0128
292	290	0.0128
291	292	0.0092
292	291	0.0092
291	293	0.0161
293	291	0.0161
291	341	0.0413
341	291	0.0413
291	344	0.0381
344	291	0.0381
291	376	0.0498
376	291	0.0498
292	293	0.0113
293	292	0.0113
292	294	0.0275
294	292	0.0275
292	372	0.069
372	292	0.069
293	294	0.0196
294	293	0.0196
293	295	0.0249
295	293	0.0249
294	295	0.0136
295	294	0.0136
294	296	0.0205
296	294	0.0205
294	298	0.0211
298	294	0.0211
295	296	0.0139
296	295	0.0139
295	297	0.0198
297	295	0.0198
295	298	0.016
298	295	0.016
296	297	0.011
297	296	0.011
296	298	0.0098
298	296	0.0098
296	299	0.0162
299	296	0.0162
296	302	0.0148
302	296	0.0148
296	303	0.0133
303	296	0.0133
296	308	0.0534
308	296	0.0534
297	298	0.0107
298	297	0.0107
297	299	0.0148
299	297	0.0148
297	302	0.0145
302	297	0.0145
297	303	0.0138
303	297	0.0138
298	299	0.0137
299	298	0.0137
298	300	0.0186
300	298	0.0186
298	303	0.0145
303	298	0.0145
299	300	0.0089
300	299	0.0089
299	301	0.0132
301	299	0.0132
299	302	0.0123
302	299	0.0123
299	303	0.0129
303	299	0.0129
299	347	0.0339
347	299	0.0339
299	351	0.038
351	299	0.038
300	301	0.0118
301	300	0.0118
300	302	0.0137
302	300	0.0137
300	303	0.0142
303	300	0.0142
300	304	0.0223
304	300	0.0223
300	350	0.0314
350	300	0.0314
300	351	0.036
351	300	0.036
301	302	0.0151
302	301	0.0151
301	303	0.0162
303	301	0.0162
301	304	0.0214
304	301	0.0214
301	347	0.0351
347	301	0.0351
301	350	0.034
350	301	0.034
302	303	0.0088
303	302	0.0088
302	304	0.016
304	302	0.016
303	304	0.0128
304	303	0.0128
303	305	0.0405
305	303	0.0405
303	306	0.0352
306	303	0.0352
304	305	0.0339
305	304	0.0339
304	306	0.0296
306	304	0.0296
305	306	0.0125
306	305	0.0125
305	307	0.0173
307	305	0.0173
306	307	0.019
307	306	0.019
306	308	0.0236
308	306	0.0236
307	308	0.0201
308	307	0.0201
307	309	0.0486
309	307	0.0486
308	309	0.0437
309	308	0.0437
309	310	0.0328
310	309	0.0328
309	311	0.0365
311	309	0.0365
310	311	0.0154
311	310	0.0154
310	312	0.021
312	310	0.021
310	313	0.0237
313	310	0.0237
311	312	0.0183
312	311	0.0183
311	313	0.0218
313	311	0.0218
312	313	0.0142
313	312	0.0142
312	314	0.0401
314	312	0.0401
313	314	0.0278
314	313	0.0278
313	315	0.0469
315	313	0.0469
314	315	0.0155
315	314	0.0155
314	316	0.0192
316	314	0.0192
314	317	0.0196
317	314	0.0196
314	318	0.0207
318	314	0.0207
315	316	0.0076
316	315	0.0076
315	317	0.0102
317	315	0.0102
315	318	0.0107
318	315	0.0107
315	319	0.0109
319	315	0.0109
316	317	0.0085
317	316	0.0085
316	318	0.0089
318	316	0.0089
316	319	0.0087
319	316	0.0087
316	320	0.0142
320	316	0.0142
317	318	0.0081
318	317	0.0081
317	319	0.0086
319	317	0.0086
317	320	0.0118
320	317	0.0118
317	321	0.0188
321	317	0.0188
318	319	0.0075
319	318	0.0075
318	320	0.0101
320	318	0.0101
318	321	0.0158
321	318	0.0158
318	322	0.0237
322	318	0.0237
319	320	0.0084
320	319	0.0084
319	321	0.0139
321	319	0.0139
319	322	0.0206
322	319	0.0206
319	323	0.0244
323	319	0.0244
320	321	0.0101
321	320	0.0101
320	322	0.0157
322	320	0.0157
320	323	0.0178
323	320	0.0178
320	324	0.0242
324	320	0.0242
321	322	0.0119
322	321	0.0119
321	323	0.0131
323	321	0.0131
321	324	0.0175
324	321	0.0175
321	325	0.027
325	321	0.027
322	323	0.0108
323	322	0.0108
322	324	0.0127
324	322	0.0127
322	325	0.0153
325	322	0.0153
322	326	0.0193
326	322	0.0193
323	324	0.0109
324	323	0.0109
323	325	0.0167
325	323	0.0167
323	326	0.0177
326	323	0.0177
323	327	0.0219
327	323	0.0219
324	325	0.0132
325	324	0.0132
324	326	0.0139
326	324	0.0139
324	327	0.0173
327	324	0.0173
324	328	0.0232
328	324	0.0232
325	326	0.0112
326	325	0.0112
325	327	0.0153
327	325	0.0153
325	328	0.0143
328	325	0.0143
325	329	0.017
329	325	0.017
326	327	0.0099
327	326	0.0099
326	328	0.0149
328	326	0.0149
326	329	0.0171
329	326	0.0171
326	330	0.0205
330	326	0.0205
326	331	0.0441
331	326	0.0441
327	328	0.0158
328	327	0.0158
327	329	0.018
329	327	0.018
327	330	0.0185
330	327	0.0185
327	331	0.0413
331	327	0.0413
328	329	0.0133
329	328	0.0133
328	330	0.0276
330	328	0.0276
329	330	0.0257
330	329	0.0257
329	331	0.0537
331	329	0.0537
329	432	0.114
432	329	0.114
330	331	0.0245
331	330	0.0245
330	332	0.0563
332	330	0.0563
331	332	0.0194
332	331	0.0194
331	333	0.0287
333	331	0.0287
331	335	0.0352
335	331	0.0352
331	336	0.0337
336	331	0.0337
